0.01	70.0320075004988
0.02	70.0320075004988
0.03	70.0320075004988
0.04	70.0320075004988
0.05	70.0320075004988
0.06	70.0320075004988
0.07	70.0320075004988
0.08	70.0320075004988
0.09	70.0320075004988
0.1	70.0320075004988
0.11	70.0320075004988
0.12	70.0320075004988
0.13	70.0320075004988
0.14	70.0320075004988
0.15	70.0320075004988
0.16	70.0320075004988
0.17	70.0320075004988
0.18	70.0320075004988
0.19	70.0320075004988
0.2	70.0320075004988
0.21	70.0320075004988
0.22	70.0320075004988
0.23	70.0320075004988
0.24	70.0320075004988
0.25	70.0320075004988
0.26	70.0320075004988
0.27	70.0320075004988
0.28	70.0320075004988
0.29	70.0320075004988
0.3	70.0320075004988
0.31	70.0320075004988
0.32	70.0320075004988
0.33	70.0320075004988
0.34	70.0320075004988
0.35	70.0320075004988
0.36	70.0320075004988
0.37	70.0320075004988
0.38	70.0320075004988
0.39	70.0320075004988
0.4	70.0320075004988
0.41	70.0320075004988
0.42	70.0320075004988
0.43	70.0320075004988
0.44	70.0320075004988
0.45	70.0320075004988
0.46	70.0320075004988
0.47	70.0320075004988
0.48	70.0320075004988
0.49	70.0320075004988
0.5	70.0320075004988
0.51	70.0320075004988
0.52	70.0320075004988
0.53	70.0320075004988
0.54	70.0320075004988
0.55	70.0320075004988
0.56	70.0320075004988
0.57	70.0320075004988
0.58	70.0320075004988
0.59	70.0320075004988
0.6	70.0320075004988
0.61	70.0320075004988
0.62	70.0320075004988
0.63	70.0320075004988
0.64	70.0320075004988
0.65	70.0320075004988
0.66	70.0320075004988
0.67	70.0320075004988
0.68	70.0320075004988
0.69	70.0320075004988
0.7	70.0320075004988
0.71	70.0320075004988
0.72	70.0320075004988
0.73	70.0320075004988
0.74	70.0320075004988
0.75	70.0320075004988
0.76	70.0320075004988
0.77	70.0320075004988
0.78	70.0320075004988
0.79	70.0320075004988
0.8	70.0320075004988
0.81	70.0320075004988
0.82	70.0320075004988
0.83	70.0320075004988
0.84	70.0320075004988
0.85	70.0320075004988
0.86	70.0320075004988
0.87	70.0320075004988
0.88	70.0320075004988
0.89	70.0320075004988
0.9	70.0320075004988
0.91	70.0320075004988
0.92	70.0320075004988
0.93	70.0320075004988
0.94	70.0320075004988
0.95	70.0320075004988
0.96	70.0320075004988
0.97	70.0320075004988
0.98	70.0320075004988
0.99	70.0320075004988
1	70.0320075004988
1.01	70.0320075004988
1.02	70.0320075004988
1.03	70.0320075004988
1.04	70.0320075004988
1.05	70.0320075004988
1.06	70.0320075004988
1.07	70.0320075004988
1.08	70.0320075004988
1.09	70.0320075004988
1.1	70.0320075004988
1.11	70.0320075004988
1.12	70.0320075004988
1.13	70.0320075004988
1.14	70.0320075004988
1.15	70.0320075004988
1.16	70.0320075004988
1.17	70.0320075004988
1.18	70.0320075004988
1.19	70.0320075004988
1.2	70.0320075004988
1.21	70.0320075004988
1.22	70.0320075004988
1.23	70.0320075004988
1.24	70.0320075004988
1.25	70.0320075004988
1.26	70.0320075004988
1.27	70.0320075004988
1.28	70.0320075004988
1.29	70.0320075004988
1.3	70.0320075004988
1.31	70.0320075004988
1.32	70.0320075004988
1.33	70.0320075004988
1.34	70.0320075004988
1.35	70.0320075004988
1.36	70.0320075004988
1.37	70.0320075004988
1.38	70.0320075004988
1.39	70.0320075004988
1.4	70.0320075004988
1.41	70.0320075004988
1.42	70.0320075004988
1.43	70.0320075004988
1.44	70.0320075004988
1.45	70.0320075004988
1.46	70.0320075004988
1.47	70.0320075004988
1.48	70.0320075004988
1.49	70.0320075004988
1.5	70.0320075004988
1.51	70.0320075004988
1.52	70.0320075004988
1.53	70.0320075004988
1.54	70.0320075004988
1.55	70.0320075004988
1.56	70.0320075004988
1.57	70.0320075004988
1.58	70.0320075004988
1.59	70.0320075004988
1.6	70.0320075004988
1.61	70.0320075004988
1.62	70.0320075004988
1.63	70.0320075004988
1.64	70.0320075004988
1.65	70.0320075004988
1.66	70.0320075004988
1.67	70.0320075004988
1.68	70.0320075004988
1.69	70.0320075004988
1.7	70.0320075004988
1.71	70.0320075004988
1.72	70.0320075004988
1.73	70.0320075004988
1.74	70.0320075004988
1.75	70.0320075004988
1.76	70.0320075004988
1.77	70.0320075004988
1.78	70.0320075004988
1.79	70.0320075004988
1.8	70.0320075004988
1.81	70.0320075004988
1.82	70.0320075004988
1.83	70.0320075004988
1.84	70.0320075004988
1.85	70.0320075004988
1.86	70.0320075004988
1.87	70.0320075004988
1.88	70.0320075004988
1.89	70.0320075004988
1.9	70.0320075004988
1.91	70.0320075004988
1.92	70.0320075004988
1.93	70.0320075004988
1.94	70.0320075004988
1.95	70.0320075004988
1.96	70.0320075004988
1.97	70.0320075004988
1.98	70.0320075004988
1.99	70.0320075004988
2	70.0320075004988
2.01	70.0320075004988
2.02	70.0320075004988
2.03	70.0320075004988
2.04	70.0320075004988
2.05	70.0320075004988
2.06	70.0320075004988
2.07	70.0320075004988
2.08	70.0320075004988
2.09	70.0320075004988
2.1	70.0320075004988
2.11	70.0320075004988
2.12	70.0320075004988
2.13	70.0320075004988
2.14	70.0320075004988
2.15	70.0320075004988
2.16	70.0320075004988
2.17	70.0320075004988
2.18	70.0320075004988
2.19	70.0320075004988
2.2	70.0320075004988
2.21	70.0320075004988
2.22	70.0320075004988
2.23	70.0320075004988
2.24	70.0320075004988
2.25	70.0320075004988
2.26	70.0320075004988
2.27	70.0320075004988
2.28	70.0320075004988
2.29	70.0320075004988
2.3	70.0320075004988
2.31	70.0320075004988
2.32	70.0320075004988
2.33	70.0320075004988
2.34	70.0320075004988
2.35	70.0320075004988
2.36	70.0320075004988
2.37	70.0320075004988
2.38	70.0320075004988
2.39	70.0320075004988
2.4	70.0320075004988
2.41	70.0320075004988
2.42	70.0320075004988
2.43	70.0320075004988
2.44	70.0320075004988
2.45	70.0320075004988
2.46	70.0320075004988
2.47	70.0320075004988
2.48	70.0320075004988
2.49	70.0320075004988
2.5	70.0320075004988
2.51	70.0320075004988
2.52	70.0320075004988
2.53	70.0320075004988
2.54	70.0320075004988
2.55	70.0320075004988
2.56	70.0320075004988
2.57	70.0320075004988
2.58	70.0320075004988
2.59	70.0320075004988
2.6	70.0320075004988
2.61	70.0320075004988
2.62	70.0320075004988
2.63	70.0320075004988
2.64	70.0320075004988
2.65	70.0320075004988
2.66	70.0320075004988
2.67	70.0320075004988
2.68	70.0320075004988
2.69	70.0320075004988
2.7	70.0320075004988
2.71	70.0320075004988
2.72	70.0320075004988
2.73	70.0320075004988
2.74	70.0320075004988
2.75	70.0320075004988
2.76	70.0320075004988
2.77	70.0320075004988
2.78	70.0320075004988
2.79	70.0320075004988
2.8	70.0320075004988
2.81	70.0320075004988
2.82	70.0320075004988
2.83	70.0320075004988
2.84	70.0320075004988
2.85	70.0320075004988
2.86	70.0320075004988
2.87	70.0320075004988
2.88	70.0320075004988
2.89	70.0320075004988
2.9	70.0320075004988
2.91	70.0320075004988
2.92	70.0320075004988
2.93	70.0320075004988
2.94	70.0320075004988
2.95	70.0320075004988
2.96	70.0320075004988
2.97	70.0320075004988
2.98	70.0320075004988
2.99	70.0320075004988
3	70.0320075004988
3.01	70.0320075004988
3.02	70.0320075004988
3.03	70.0320075004988
3.04	70.0320075004988
3.05	70.0320075004988
3.06	70.0320075004988
3.07	70.0320075004988
3.08	70.0320075004988
3.09	70.0320075004988
3.1	70.0320075004988
3.11	70.0320075004988
3.12	70.0320075004988
3.13	70.0320075004988
3.14	70.0320075004988
3.15	70.0320075004988
3.16	70.0320075004988
3.17	70.0320075004988
3.18	70.0320075004988
3.19	70.0320075004988
3.2	70.0320075004988
3.21	70.0320075004988
3.22	70.0320075004988
3.23	70.0320075004988
3.24	70.0320075004988
3.25	70.0320075004988
3.26	70.0320075004988
3.27	70.0320075004988
3.28	70.0320075004988
3.29	70.0320075004988
3.3	70.0320075004988
3.31	70.0320075004988
3.32	70.0320075004988
3.33	70.0320075004988
3.34	70.0320075004988
3.35	70.0320075004988
3.36	70.0320075004988
3.37	70.0320075004988
3.38	70.0320075004988
3.39	70.0320075004988
3.4	70.0320075004988
3.41	70.0320075004988
3.42	70.0320075004988
3.43	70.0320075004988
3.44	70.0320075004988
3.45	70.0320075004988
3.46	70.0320075004988
3.47	70.0320075004988
3.48	70.0320075004988
3.49	70.0320075004988
3.5	70.0320075004988
3.51	70.0320075004988
3.52	70.0320075004988
3.53	70.0320075004988
3.54	70.0320075004988
3.55	70.0320075004988
3.56	70.0320075004988
3.57	70.0320075004988
3.58	70.0320075004988
3.59	70.0320075004988
3.6	70.0320075004988
3.61	70.0320075004988
3.62	70.0320075004988
3.63	70.0320075004988
3.64	70.0320075004988
3.65	70.0320075004988
3.66	70.0320075004988
3.67	70.0320075004988
3.68	70.0320075004988
3.69	70.0320075004988
3.7	70.0320075004988
3.71	70.0320075004988
3.72	70.0320075004988
3.73	70.0320075004988
3.74	70.0320075004988
3.75	70.0320075004988
3.76	70.0320075004988
3.77	70.0320075004988
3.78	70.0320075004988
3.79	70.0320075004988
3.8	70.0320075004988
3.81	70.0320075004988
3.82	70.0320075004988
3.83	70.0320075004988
3.84	70.0320075004988
3.85	70.0320075004988
3.86	70.0320075004988
3.87	70.0320075004988
3.88	70.0320075004988
3.89	70.0320075004988
3.9	70.0320075004988
3.91	70.0320075004988
3.92	70.0320075004988
3.93	70.0320075004988
3.94	70.0320075004988
3.95	70.0320075004988
3.96	70.0320075004988
3.97	70.0320075004988
3.98	70.0320075004988
3.99	70.0320075004988
4	70.0320075004988
4.01	70.0320075004988
4.02	70.0320075004988
4.03	70.0320075004988
4.04	70.0320075004988
4.05	70.0320075004988
4.06	70.0320075004988
4.07	70.0320075004988
4.08	70.0320075004988
4.09	70.0320075004988
4.1	70.0320075004988
4.11	70.0320075004988
4.12	70.0320075004988
4.13	70.0320075004988
4.14	70.0320075004988
4.15	70.0320075004988
4.16	70.0320075004988
4.17	70.0320075004988
4.18	70.0320075004988
4.19	70.0320075004988
4.2	70.0320075004988
4.21	70.0320075004988
4.22	70.0320075004988
4.23	70.0320075004988
4.24	70.0320075004988
4.25	70.0320075004988
4.26	70.0320075004988
4.27	70.0320075004988
4.28	70.0320075004988
4.29	70.0320075004988
4.3	70.0320075004988
4.31	70.0320075004988
4.32	70.0320075004988
4.33	70.0320075004988
4.34	70.0320075004988
4.35	70.0320075004988
4.36	70.0320075004988
4.37	70.0320075004988
4.38	70.0320075004988
4.39	70.0320075004988
4.4	70.0320075004988
4.41	70.0320075004988
4.42	70.0320075004988
4.43	70.0320075004988
4.44	70.0320075004988
4.45	70.0320075004988
4.46	70.0320075004988
4.47	70.0320075004988
4.48	70.0320075004988
4.49	70.0320075004988
4.5	70.0320075004988
4.51	70.0320075004988
4.52	70.0320075004988
4.53	70.0320075004988
4.54	70.0320075004988
4.55	70.0320075004988
4.56	70.0320075004988
4.57	70.0320075004988
4.58	70.0320075004988
4.59	70.0320075004988
4.6	70.0320075004988
4.61	70.0320075004988
4.62	70.0320075004988
4.63	70.0320075004988
4.64	70.0320075004988
4.65	70.0320075004988
4.66	70.0320075004988
4.67	70.0320075004988
4.68	70.0320075004988
4.69	70.0320075004988
4.7	70.0320075004988
4.71	70.0320075004988
4.72	70.0320075004988
4.73	70.0320075004988
4.74	70.0320075004988
4.75	70.0320075004988
4.76	70.0320075004988
4.77	70.0320075004988
4.78	70.0320075004988
4.79	70.0320075004988
4.8	70.0320075004988
4.81	70.0320075004988
4.82	70.0320075004988
4.83	70.0320075004988
4.84	70.0320075004988
4.85	70.0320075004988
4.86	70.0320075004988
4.87	70.0320075004988
4.88	70.0320075004988
4.89	70.0320075004988
4.9	70.0320075004988
4.91	70.0320075004988
4.92	70.0320075004988
4.93	70.0320075004988
4.94	70.0320075004988
4.95	70.0320075004988
4.96	70.0320075004988
4.97	70.0320075004988
4.98	70.0320075004988
4.99	70.0320075004988
5	70.0320075004988
5.01	70.0320075004988
5.02	70.0320075004988
5.03	70.0320075004988
5.04	70.0320075004988
5.05	70.0320075004988
5.06	70.0320075004988
5.07	70.0320075004988
5.08	70.0320075004988
5.09	70.0320075004988
5.1	70.0320075004988
5.11	70.0320075004988
5.12	70.0320075004988
5.13	70.0320075004988
5.14	70.0320075004988
5.15	70.0320075004988
5.16	70.0320075004988
5.17	70.0320075004988
5.18	70.0320075004988
5.19	70.0320075004988
5.2	70.0320075004988
5.21	70.0320075004988
5.22	70.0320075004988
5.23	70.0320075004988
5.24	70.0320075004988
5.25	70.0320075004988
5.26	70.0320075004988
5.27	70.0320075004988
5.28	70.0320075004988
5.29	70.0320075004988
5.3	70.0320075004988
5.31	70.0320075004988
5.32	70.0320075004988
5.33	70.0320075004988
5.34	70.0320075004988
5.35	70.0320075004988
5.36	70.0320075004988
5.37	70.0320075004988
5.38	70.0320075004988
5.39	70.0320075004988
5.4	70.0320075004988
5.41	70.0320075004988
5.42	70.0320075004988
5.43	70.0320075004988
5.44	70.0320075004988
5.45	70.0320075004988
5.46	70.0320075004988
5.47	70.0320075004988
5.48	70.0320075004988
5.49	70.0320075004988
5.5	70.0320075004988
5.51	70.0320075004988
5.52	70.0320075004988
5.53	70.0320075004988
5.54	70.0320075004988
5.55	70.0320075004988
5.56	70.0320075004988
5.57	70.0320075004988
5.58	70.0320075004988
5.59	70.0320075004988
5.6	70.0320075004988
5.61	70.0320075004988
5.62	70.0320075004988
5.63	70.0320075004988
5.64	70.0320075004988
5.65	70.0320075004988
5.66	70.0320075004988
5.67	70.0320075004988
5.68	70.0320075004988
5.69	70.0320075004988
5.7	70.0320075004988
5.71	70.0320075004988
5.72	70.0320075004988
5.73	70.0320075004988
5.74	70.0320075004988
5.75	70.0320075004988
5.76	70.0320075004988
5.77	70.0320075004988
5.78	70.0320075004988
5.79	70.0320075004988
5.8	70.0320075004988
5.81	70.0320075004988
5.82	70.0320075004988
5.83	70.0320075004988
5.84	70.0320075004988
5.85	70.0320075004988
5.86	70.0320075004988
5.87	70.0320075004988
5.88	70.0320075004988
5.89	70.0320075004988
5.9	70.0320075004988
5.91	70.0320075004988
5.92	70.0320075004988
5.93	70.0320075004988
5.94	70.0320075004988
5.95	70.0320075004988
5.96	70.0320075004988
5.97	70.0320075004988
5.98	70.0320075004988
5.99	70.0320075004988
6	70.0320075004988
6.01	70.0320075004988
6.02	70.0320075004988
6.03	70.0320075004988
6.04	70.0320075004988
6.05	70.0320075004988
6.06	70.0320075004988
6.07	70.0320075004988
6.08	70.0320075004988
6.09	70.0320075004988
6.1	70.0320075004988
6.11	70.0320075004988
6.12	70.0320075004988
6.13	70.0320075004988
6.14	70.0320075004988
6.15	70.0320075004988
6.16	70.0320075004988
6.17	70.0320075004988
6.18	70.0320075004988
6.19	70.0320075004988
6.2	70.0320075004988
6.21	70.0320075004988
6.22	70.0320075004988
6.23	70.0320075004988
6.24	70.0320075004988
6.25	70.0320075004988
6.26	70.0320075004988
6.27	70.0320075004988
6.28	70.0320075004988
6.29	70.0320075004988
6.3	70.0320075004988
6.31	70.0320075004988
6.32	70.0320075004988
6.33	70.0320075004988
6.34	70.0320075004988
6.35	70.0320075004988
6.36	70.0320075004988
6.37	70.0320075004988
6.38	70.0320075004988
6.39	70.0320075004988
6.4	70.0320075004988
6.41	70.0320075004988
6.42	70.0320075004988
6.43	70.0320075004988
6.44	70.0320075004988
6.45	70.0320075004988
6.46	70.0320075004988
6.47	70.0320075004988
6.48	70.0320075004988
6.49	70.0320075004988
6.5	70.0320075004988
6.51	70.0320075004988
6.52	70.0320075004988
6.53	70.0320075004988
6.54	70.0320075004988
6.55	70.0320075004988
6.56	70.0320075004988
6.57	70.0320075004988
6.58	70.0320075004988
6.59	70.0320075004988
6.6	70.0320075004988
6.61	70.0320075004988
6.62	70.0320075004988
6.63	70.0320075004988
6.64	70.0320075004988
6.65	70.0320075004988
6.66	70.0320075004988
6.67	70.0320075004988
6.68	70.0320075004988
6.69	70.0320075004988
6.7	70.0320075004988
6.71	70.0320075004988
6.72	70.0320075004988
6.73	70.0320075004988
6.74	70.0320075004988
6.75	70.0320075004988
6.76	70.0320075004988
6.77	70.0320075004988
6.78	70.0320075004988
6.79	70.0320075004988
6.8	70.0320075004988
6.81	70.0320075004988
6.82	70.0320075004988
6.83	70.0320075004988
6.84	70.0320075004988
6.85	70.0320075004988
6.86	70.0320075004988
6.87	70.0320075004988
6.88	70.0320075004988
6.89	70.0320075004988
6.9	70.0320075004988
6.91	70.0320075004988
6.92	70.0320075004988
6.93	70.0320075004988
6.94	70.0320075004988
6.95	70.0320075004988
6.96	70.0320075004988
6.97	70.0320075004988
6.98	70.0320075004988
6.99	70.0320075004988
7	70.0320075004988
7.01	70.0320075004988
7.02	70.0320075004988
7.03	70.0320075004988
7.04	70.0320075004988
7.05	70.0320075004988
7.06	70.0320075004988
7.07	70.0320075004988
7.08	70.0320075004988
7.09	70.0320075004988
7.1	70.0320075004988
7.11	70.0320075004988
7.12	70.0320075004988
7.13	70.0320075004988
7.14	70.0320075004988
7.15	70.0320075004988
7.16	70.0320075004988
7.17	70.0320075004988
7.18	70.0320075004988
7.19	70.0320075004988
7.2	70.0320075004988
7.21	70.0320075004988
7.22	70.0320075004988
7.23	70.0320075004988
7.24	70.0320075004988
7.25	70.0320075004988
7.26	70.0320075004988
7.27	70.0320075004988
7.28	70.0320075004988
7.29	70.0320075004988
7.3	70.0320075004988
7.31	70.0320075004988
7.32	70.0320075004988
7.33	70.0320075004988
7.34	70.0320075004988
7.35	70.0320075004988
7.36	70.0320075004988
7.37	70.0320075004988
7.38	70.0320075004988
7.39	70.0320075004988
7.4	70.0320075004988
7.41	70.0320075004988
7.42	70.0320075004988
7.43	70.0320075004988
7.44	70.0320075004988
7.45	70.0320075004988
7.46	70.0320075004988
7.47	70.0320075004988
7.48	70.0320075004988
7.49	70.0320075004988
7.5	70.0320075004988
7.51	70.0320075004988
7.52	70.0320075004988
7.53	70.0320075004988
7.54	70.0320075004988
7.55	70.0320075004988
7.56	70.0320075004988
7.57	70.0320075004988
7.58	70.0320075004988
7.59	70.0320075004988
7.6	70.0320075004988
7.61	70.0320075004988
7.62	70.0320075004988
7.63	70.0320075004988
7.64	70.0320075004988
7.65	70.0320075004988
7.66	70.0320075004988
7.67	70.0320075004988
7.68	70.0320075004988
7.69	70.0320075004988
7.7	70.0320075004988
7.71	70.0320075004988
7.72	70.0320075004988
7.73	70.0320075004988
7.74	70.0320075004988
7.75	70.0320075004988
7.76	70.0320075004988
7.77	70.0320075004988
7.78	70.0320075004988
7.79	70.0320075004988
7.8	70.0320075004988
7.81	70.0320075004988
7.82	70.0320075004988
7.83	70.0320075004988
7.84	70.0320075004988
7.85	70.0320075004988
7.86	70.0320075004988
7.87	70.0320075004988
7.88	70.0320075004988
7.89	70.0320075004988
7.9	70.0320075004988
7.91	70.0320075004988
7.92	70.0320075004988
7.93	70.0320075004988
7.94	70.0320075004988
7.95	70.0320075004988
7.96	70.0320075004988
7.97	70.0320075004988
7.98	70.0320075004988
7.99	70.0320075004988
8	70.0320075004988
8.01	70.0320075004988
8.02	70.0320075004988
8.03	70.0320075004988
8.04	70.0320075004988
8.05	70.0320075004988
8.06	70.0320075004988
8.07	70.0320075004988
8.08	70.0320075004988
8.09	70.0320075004988
8.1	70.0320075004988
8.11	70.0320075004988
8.12	70.0320075004988
8.13	70.0320075004988
8.14	70.0320075004988
8.15	70.0320075004988
8.16	70.0320075004988
8.17	70.0320075004988
8.18	70.0320075004988
8.19	70.0320075004988
8.2	70.0320075004988
8.21	70.0320075004988
8.22	70.0320075004988
8.23	70.0320075004988
8.24	70.0320075004988
8.25	70.0320075004988
8.26	70.0320075004988
8.27	70.0320075004988
8.28	70.0320075004988
8.29	70.0320075004988
8.3	70.0320075004988
8.31	70.0320075004988
8.32	70.0320075004988
8.33	70.0320075004988
8.34	70.0320075004988
8.35	70.0320075004988
8.36	70.0320075004988
8.37	70.0320075004988
8.38	70.0320075004988
8.39	70.0320075004988
8.4	70.0320075004988
8.41	70.0320075004988
8.42	70.0320075004988
8.43	70.0320075004988
8.44	70.0320075004988
8.45	70.0320075004988
8.46	70.0320075004988
8.47	70.0320075004988
8.48	70.0320075004988
8.49	70.0320075004988
8.5	70.0320075004988
8.51	70.0320075004988
8.52	70.0320075004988
8.53	70.0320075004988
8.54	70.0320075004988
8.55	70.0320075004988
8.56	70.0320075004988
8.57	70.0320075004988
8.58	70.0320075004988
8.59	70.0320075004988
8.6	70.0320075004988
8.61	70.0320075004988
8.62	70.0320075004988
8.63	70.0320075004988
8.64	70.0320075004988
8.65	70.0320075004988
8.66	70.0320075004988
8.67	70.0320075004988
8.68	70.0320075004988
8.69	70.0320075004988
8.7	70.0320075004988
8.71	70.0320075004988
8.72	70.0320075004988
8.73	70.0320075004988
8.74	70.0320075004988
8.75	70.0320075004988
8.76	70.0320075004988
8.77	70.0320075004988
8.78	70.0320075004988
8.79	70.0320075004988
8.8	70.0320075004988
8.81	70.0320075004988
8.82	70.0320075004988
8.83	70.0320075004988
8.84	70.0320075004988
8.85	70.0320075004988
8.86	70.0320075004988
8.87	70.0320075004988
8.88	70.0320075004988
8.89	70.0320075004988
8.9	70.0320075004988
8.91	70.0320075004988
8.92	70.0320075004988
8.93	70.0320075004988
8.94	70.0320075004988
8.95	70.0320075004988
8.96	70.0320075004988
8.97	70.0320075004988
8.98	70.0320075004988
8.99	70.0320075004988
9	70.0320075004988
9.01	70.0320075004988
9.02	70.0320075004988
9.03	70.0320075004988
9.04	70.0320075004988
9.05	70.0320075004988
9.06	70.0320075004988
9.07	70.0320075004988
9.08	70.0320075004988
9.09	70.0320075004988
9.1	70.0320075004988
9.11	70.0320075004988
9.12	70.0320075004988
9.13	70.0320075004988
9.14	70.0320075004988
9.15	70.0320075004988
9.16	70.0320075004988
9.17	70.0320075004988
9.18	70.0320075004988
9.19	70.0320075004988
9.2	70.0320075004988
9.21	70.0320075004988
9.22	70.0320075004988
9.23	70.0320075004988
9.24	70.0320075004988
9.25	70.0320075004988
9.26	70.0320075004988
9.27	70.0320075004988
9.28	70.0320075004988
9.29	70.0320075004988
9.3	70.0320075004988
9.31	70.0320075004988
9.32	70.0320075004988
9.33	70.0320075004988
9.34	70.0320075004988
9.35	70.0320075004988
9.36	70.0320075004988
9.37	70.0320075004988
9.38	70.0320075004988
9.39	70.0320075004988
9.4	70.0320075004988
9.41	70.0320075004988
9.42	70.0320075004988
9.43	70.0320075004988
9.44	70.0320075004988
9.45	70.0320075004988
9.46	70.0320075004988
9.47	70.0320075004988
9.48	70.0320075004988
9.49	70.0320075004988
9.5	70.0320075004988
9.51	70.0320075004988
9.52	70.0320075004988
9.53	70.0320075004988
9.54	70.0320075004988
9.55	70.0320075004988
9.56	70.0320075004988
9.57	70.0320075004988
9.58	70.0320075004988
9.59	70.0320075004988
9.6	70.0320075004988
9.61	70.0320075004988
9.62	70.0320075004988
9.63	70.0320075004988
9.64	70.0320075004988
9.65	70.0320075004988
9.66	70.0320075004988
9.67	70.0320075004988
9.68	70.0320075004988
9.69	70.0320075004988
9.7	70.0320075004988
9.71	70.0320075004988
9.72	70.0320075004988
9.73	70.0320075004988
9.74	70.0320075004988
9.75	70.0320075004988
9.76	70.0320075004988
9.77	70.0320075004988
9.78	70.0320075004988
9.79	70.0320075004988
9.8	70.0320075004988
9.81	70.0320075004988
9.82	70.0320075004988
9.83	70.0320075004988
9.84	70.0320075004988
9.85	70.0320075004988
9.86	70.0320075004988
9.87	70.0320075004988
9.88	70.0320075004988
9.89	70.0320075004988
9.9	70.0320075004988
9.91	70.0320075004988
9.92	70.0320075004988
9.93	70.0320075004988
9.94	70.0320075004988
9.95	70.0320075004988
9.96	70.0320075004988
9.97	70.0320075004988
9.98	70.0320075004988
9.99	70.0320075004988
10	70.0320075004988
